750
698 191
341 547
887
333
845
822
544 262
782 392
915 589
508
286
823
577 599
16
292
172 129
849
90
980 885
853 40
603 909
719
139
515
493
769 795
265
197
957 714
745
231 437
939
886
195 946
805 717
935
815
233
629
701 927
165 858
214 619
617 968
136
667
758 169
192
177
876 573
997
944
387
647
775
25
332
747
75
216
440
87
967 206
222
284
264 587
982 891
224 912
454 808
901 898
305
72 447
651 256
751 548
735 289
766
888
884 765
852
431
5
132
311
844
736
29
478 162
88 937
211
267
908
923
453
940 498
973 585
394 731
592
494 207
503 487
833 482
239
400
848
135
799
750 359
450
114 242
757
342
401 131
569
846 523
62
159
863
819
665 147
962
975
48
679
613
18 322
689 796
993 291
452 155
566 94
806 953
187
660 227
743
246 160
485
836
4
308
468
928 395
360
451
489
533
12 373
761
961 798
397
777
557
369
981 759
627
522 372
969
707
802
425
63
378
320
477
287
831
934 598
883 582
91 781
133 552
668 988
511 995
730
550
911 999
773 366
251
612 818
125
412
674 752
697 8
979 295
976
856 517
768
971
42
787
331 618
551
283
473
193
200 801
46 657
530
152 156
36 413
554
702
699 290
539
67 353
644
695 586
733
381
895
874
176
648
303
316
534 134
767
407 631
545 974
261
918 6
904 492
991 634
693
709 44
776
298
83
560
809
994
142
499
442
558 271
656
321 685
596
212
309
504
688
190 199
646
821
57 783
122
326
623
446
741
860
574
281
536
20 643
680
992
682
893
820
255
584
922
683 424
464 146
276
396
60
171 388
406
921
880
194
578 607
423
277
357
778
771
417 350
118 244
854
869
166
399 996
604
470 579
641
229
864
237 960
694
628 269
977 601
117 93
672
203
13
525 226
645
225
840 632
514
740 324
299
168 427
293
772
610
793 161
929 61
304 143
306 762
843
288 753
611
638
640
15 949
615 426
538
435
896
642
933
535 873
655
654
520
889
391
691
108 659
474 273
0 338
502
376 82
228
540
112
327 130
713
35
56
189
532
307 857
676 749
726 469
69 817
985 868
663
41
890
429
723
721 80
564 32
919 144
549
542 339
235
790
500
31 813
106
254
416
983
419 218
828 834
567
245
115 609
418 958
897 386
259 838
140
906
671
729
722
803
310 434
718
58 715
204 248
810 760
903 866
323
27 403
300
910 562
506
892 653
302
739
594
970
111
68 527
315
377
606
24
348
334
938
728
329
835 365
380
103
422 580
930 383
352
705 79
282
565
865
104 455
491
272
154
561
859
570
278
10 528
102 932
268
563 608
260
484 737
471 956
637 684
354
505
150 343
201
687
588
669
497
914
23
128 814
362
826
367
792
756
39
920 661
34
488
38
85 670
987
223 26
22
867
180 123
215 285
572 76
710 624
250 990
335 881
181
21
712
430
519
379
113
495 774
748
421
754
330 449
706
11
120
905
240
2 716
965 249
243 635
964
652
1
445 872
456
347
851
524 789
313
786
942
258
202
138 438
439
509
43
692
45
650
205
19
575
393
408 84
621
314
462
100
234 382
198 861
47 101
576
602
73
340
513 862
837 409
829
420
124 137
220
727
816 398
794 476
900
296
275
742
894 675
951
600 371
924
405 662
877
349
37 51
444 30
955
605
89
595 625
141
501 355
855
164
110
583 64
568 763
325
174
213
411
297 521
253 105
404
677
167
784
448
943 871
639
812
385 415
98
913
71 510
472
989
66 543
356
479
319
959
690
17
241
827
186
461 711
436
526
878
92
33
780
344 537
457
375 664
179
948
97 238
328
151 270
978
870
633 590
158 825
157 59
630 947
720 345
402 182
50
555
591
467
926
188 183
553 263
185 410
148
358
363 941
370
936
145
9
746
460
458 703
374
257 490
210
221 696
74
531
556
725
312
649
99 620
279
121
163 466
486
107
217
950
54 622
346
77
3
541
274
149
109
441
178
184
518 126
247
546
666 236
28
116 824
764
81
463
972
899
232
512 465
791
480
875
432 481
70
294
925
389
755
175 797
907
317
811
14
839
616
954
850
700 49
734
433
351
65 770
963
208
966
173 945
738
779
952 673
614
917
428 368
78
658
708
153 318
230
252 681
832 119
581 879
704
219
127
280 984
986
209
337 55
53 475
459 571
301
361
902 95
732
86 800
847 686
785
804
830
443 636
724
384 916
998
96 390
931
626
196
744 788
483
52 529
882 841
807
336 414
266 496
364
593
559
678
7
170
507
597
516
842
